seed: 1
sampling:
  initBudget: 60
  maxbud: 62
  mc_iters: 2
  num_inactive: 100
log:
  interval: 4
testfunc: 'lg4d'
configs:
  subr: 50
  cuts: 4
  perm: 1
  smp: 1
parallel: False
jobs: 30
agents: 8
horizon: 4
dim: 4
globmin: [0.20168952, 0.15001069, 0.47687398, 0.27533243, -3.32237]
